9780495802778
9781938073373
9780143119227
9780801484452
9780801484452
9780199757503
9781107006201
9780226538747
9780226538747
9780226538747
9780881323504
9780881323504
9781604266139
9780791463888
9780791463888
9780061148514
9780935526769
9780935526776
9780935526783
9780935526790
9780935526813
9780691158136
030314007990
9780199733996
9780816511761
9781559704083
9781595145307
9780143038917
9780143038917
9780521424455
9780306801457
653569007999
076930007990
076930007990
9780786929443
9780786930333
9780786932023
9780802133908
9780802133908
9780802133908
9780226240077
9780226240077
9780786939954
9780786929085
9780786929801
9780786932283
9780786937905
9780786935963
9780786937523
9780786939817
9781412988032
9780765320308
9780252062346
9780553212457
9780553212457
9780375753411
9780375753411
9780375753411
9780375753411
9781893361867
9781893361867
9781616956776
9780875805832
9780875805832
9780875805832
9780809016518
9780486415918
9780415929745
9780393090406
9780393090406
9780809016518
9780393950755
9780393950755
9781400067015
9780674016385
9780252076664
9780671792916
9780814334508
9780674929814
9780674929814
9781613747964
9781937557027
9780582284524
9780582284524
9780582284524
9780060921071
9781400080540
9780140447385
9781400080540
9781400080540
9780140449440
9780140449440
9780140449440
9780140441208
9781118875780
9780375842207
9781577662303
9780387947662
9780393958492
9780393958492
9780393958492
9780393958492
9781841958002
9781841958002
9781841958002
9781422146606
9781422162590
9781422162590
9781451672480
9780451462718
9781566636667
9781558493452
9781558493452
9781588264718
9781588264718
9781619492431
9780415268547
9780415268547
9780415268547
9780966726916
037145007991
9780765350985
9780446500036
9780446500043
9780446500029
9780679734772
9780394758282
9780394758282
9781565847828
9780192876058
9780195116922
9780393927658
9780226131047
9781607741701
9781607741701
9781607741701
9781607741701
9780882950556
9780700605552
9780691095509
9780872207981
9781628923889
9781628923889
9780393061314
9780060845506
9780140143591
9780140143591
9780553212419
9780553212426
9780060851132
9780792233763
9780792233763
9780805081244
9780765315236
9780374523831
9780700611331
9780679732259
9780765310576
9780393974997
037145007991
037145007991
9780765351548
037145007991
037145007991
037145007991
9780199238545
9780544570306
9780872205871
9780872204461
9781603841825
9780872205697
9780872205697
9780394748467
9780394748467
9780394748467
9780394748467
9780316197014
9780061558238
037145007991
037145007991
9780812551471
9780195338218
9780195338218
9780691154329
9780691154329
9780674004122
9780872205543
9780872205543
9780872201361
9780195064575
9780195064575
9780865716094
9780865716094
9780804756464
9780804756464
9780374533557
9781420866841
9781420866841
9781420866841
9780321415851
9780321415851
9780415999212
9781937557164
9780226366043
9780872204027
9780872204027
9780872204027
9780872204027
9780872204027
9780872204027
9780691155340
9780674010178
9780801478222
9780553213768
9780307742537
9780226458120
9780226458083
9780226458083
9780306812859
9780306812859
9780306812859
9781118315071
9781118315071
9780935526738
9780385512077
9780385512077
9781937557249
9781593375478
9780262113205
9780521893510
9780521893510
9780521893510
9780521893510
9780872201668
9780451206855
9780691088761
9780195308372
9780195308372
9780195308372
9781405131124
9781405131124
9780345491145
9780879756703
9781937557188
9780872200746
9780872200746
9790879754463
9780140445749
9780451527103
9780451527103
9780140445688
9780553573404
9780553386790
9781937557188
9781259096952
9781537301754
9780192836724
9780192836724
9780872207134
9780023956706
9780684831381
9780393932461
9780495082545
9780801879449
9783319944623
9780321486813
9780078028229
9780073380575
9780073380575
9780073380575
9781118138915
9780195161984
9780470074688
9780470074688
9780470074688
9780387947662
9780470973943
9780470086315
9780470086315
9781449632014
9781449632014
9781449632014
9781449632014
9780324200829
9781305266438
9780133574845
9780470458211
9780470458211
9780521607643
9780521607643
9780030661747
9780131931510
9780195073980
9780120593545
9780080966656
9780080966656
9780080966687
9780080966687
9781429218122
9781429218122
9780078028229
9781551117423
9781551117423
9781551117423
9780073403113
9781630571726
9781585039494
9781305950443
9781305950443
9780133594171
9780133594171
9780133594171
9780133594171
9780133594171
9780133594171
9780596520830
9780077687304
9780077687304
9780077687304
9780077687304
9780077687342
9780073398136
9780073398136
9781259638091
9780073380285
9780073380285
9780073398235
9780073398235
9780133892307
9781118692288
9780073385501
9781118169650
9780073385501
9780073385501
9780321928085
9780321928085
9780321928085
9780321928085
9780321928085
9780470237892
9780470237892
9780521347488
9780470501979
9780470501979
9780132832885
9780132832885
9781493909582
9781493909582